camera_matrix:
- [813.2416501622129, 0.0, 330.92029453317576]
- [0.0, 815.1102176622081, 254.9757092913869]
- [0.0, 0.0, 1.0]
dist_coeff:
- [-0.10242835388749241, 0.12728149819430978, 0.0031539819879072943, -0.0040136772922403545,
  0.5108417157842783]
