2.104208803834174830e+02 1.681667696906123126e+02 -1.646196782114472796e+02 -3.115551898992532642e+02 3.090633634802290786e+01 -7.065347077377319351e+01
1.681667696906123126e+02 6.214568732237770519e+02 -1.893228289549755061e+02 2.238098491793134315e+02 -1.342723609362045352e+02 -7.921466834541746493e+01
-1.646196782114472796e+02 -1.893228289549755061e+02 5.091484180566758369e+02 7.391813833340312385e+02 2.311542964055360372e+01 8.728755219888603278e+01
-3.115551898992532642e+02 2.238098491793134315e+02 7.391813833340312385e+02 1.777716635797044000e+04 -1.770492668409086718e+02 2.522342452682322005e+02
3.090633634802290786e+01 -1.342723609362045352e+02 2.311542964055360372e+01 -1.770492668409086718e+02 2.521229028507502505e+02 7.258093582731153504e+01
-7.065347077377319351e+01 -7.921466834541746493e+01 8.728755219888603278e+01 2.522342452682322005e+02 7.258093582731153504e+01 1.712343904041713927e+02
